camera_matrix:
- - 1256.3271443719095
  - 0.0
  - 951.3243364835621
- - 0.0
  - 1265.1503257273043
  - 528.6877949101217
- - 0.0
  - 0.0
  - 1.0
dist_coeff:
- - 0.22673615385348497
  - -0.6634328678547945
  - -0.0014922451499310607
  - 5.638043338743204e-05
  - 0.47338989696503897
