camera_matrix:
- - 762.4448646203371
  - 0.0
  - 927.5151451275627
- - 0.0
  - 763.7505972595025
  - 563.5656898956764
- - 0.0
  - 0.0
  - 1.0
dist_coeff:
- - -0.2946148207201532
  - 0.09865775811567198
  - -0.001890332750400409
  - 0.0016635215679766176
  - -0.013409461028230074
