%YAML:1.0
---
camera_matrix: !!opencv-matrix
   rows: 3
   cols: 3
   dt: d
   data: [ 8.5177164523548390e+02, 0., 9.3986472118396603e+02, 0.,
       8.4193501724119312e+02, 5.1120410477876442e+02, 0., 0., 1. ]
dist_coeff: !!opencv-matrix
   rows: 1
   cols: 5
   dt: d
   data: [ -3.8367399346199604e-01, 1.6408815551179765e-01,
       1.8843915891156263e-02, 1.9382887626679739e-03,
       -3.3141340278981468e-02 ]
